CHORD ARRAY

0.34299717028501764  0.6859943405700353  1.028991510855053  0.5144957554275265  0.0  
0.5570860145311556  1.1141720290623112  0.7427813527082074  0.3713906763541037  0.0  
0.7844645405527362  0.5883484054145521  0.3922322702763681  0.19611613513818404  0.0  
0.0  0.0  0.0  0.0  0.0  
0.0  0.0  0.0  0.0  0.0  
0.31622776601683794  0.6324555320336759  0.9486832980505138  1.2649110640673518  0.0  
0.7071067811865475  1.414213562373095  2.1213203435596424  0.7071067811865475  0.0  
1.0  2.0  1.0  1.0  0.0  
0.8944271909999159  0.4472135954999579  0.8944271909999159  0.4472135954999579  0.0  
0.5570860145311556  0.18569533817705186  0.7427813527082074  1.299867367239363  0.0  
0.19611613513818404  0.5883484054145521  1.3728129459672884  0.19611613513818404  0.0  
1.0  2.0  1.0  1.0  0.0  
1.3416407864998738  0.8944271909999159  1.3416407864998738  0.8944271909999159  0.0  
0.2  1.0  1.2  0.6  0.0  
0.8944271909999159  1.3416407864998738  0.8944271909999159  0.4472135954999579  0.0  
0.7844645405527362  0.5883484054145521  0.3922322702763681  0.19611613513818404  0.0  
0.24253562503633297  0.48507125007266594  0.7276068751089989  0.9701425001453319  0.0  
0.5547001962252291  1.1094003924504583  1.6641005886756874  0.8320502943378437  0.0  
0.8320502943378437  1.6641005886756874  1.1094003924504583  0.5547001962252291  0.0  
0.9701425001453319  0.7276068751089989  0.48507125007266594  0.24253562503633297  0.0  
0.0  0.0  0.0  0.0  0.0  
0.0  0.0  0.0  0.0  0.0  
0.24253562503633297  0.48507125007266594  0.7276068751089989  0.9701425001453319  0.0  
0.5547001962252291  1.1094003924504583  1.6641005886756874  0.8320502943378437  0.0  
0.8320502943378437  1.6641005886756874  1.1094003924504583  0.5547001962252291  0.0  
0.9701425001453319  0.7276068751089989  0.48507125007266594  0.24253562503633297  0.0  
0.0  0.0  0.0  0.0  0.0  
0.0  0.0  0.0  0.0  0.0  
0.19611613513818404  0.3922322702763681  0.5883484054145521  0.7844645405527362  0.0  
0.4472135954999579  0.8944271909999159  1.3416407864998738  0.8944271909999159  0.0  
0.7071067811865476  1.4142135623730951  1.4142135623730951  0.7071067811865476  0.0  
0.8944271909999159  1.3416407864998738  0.8944271909999159  0.4472135954999579  0.0  
0.7844645405527362  0.5883484054145521  0.3922322702763681  0.19611613513818404  0.0  
0.0  0.0  0.0  0.0  0.0  
0.19611613513818404  0.3922322702763681  0.5883484054145521  0.7844645405527362  0.0  
0.4472135954999579  0.8944271909999159  1.3416407864998738  0.8944271909999159  0.0  
0.7071067811865476  1.4142135623730951  1.4142135623730951  0.7071067811865476  0.0  
0.7071067811865476  0.7071067811865476  0.0  0.7071067811865476  0.0  
0.2  0.4  1.0  0.2  0.0  
0.7071067811865476  1.4142135623730951  0.7071067811865476  0.7071067811865476  0.0  
0.8944271909999159  0.4472135954999579  0.8944271909999159  0.4472135954999579  0.0  
0.19611613513818404  0.5883484054145521  0.3922322702763681  0.19611613513818404  0.0  
1.0  1.0  1.0  1.0  0.0  
0.3713906763541037  0.7427813527082074  1.1141720290623112  0.5570860145311556  0.0  
0.5144957554275265  1.028991510855053  0.6859943405700353  0.34299717028501764  0.0  
0.6246950475544243  0.4685212856658182  0.31234752377721214  0.15617376188860607  0.0  
0.15617376188860607  0.31234752377721214  0.4685212856658182  0.6246950475544243  0.0  
0.15617376188860607  0.31234752377721214  0.4685212856658182  0.15617376188860607  0.0  
0.34299717028501764  0.6859943405700353  0.17149858514250882  0.5144957554275265  0.0  
0.5570860145311556  0.18569533817705186  0.7427813527082074  0.3713906763541037  0.0  
0.19611613513818404  0.5883484054145521  0.3922322702763681  0.19611613513818404  0.0  
0.7844645405527362  0.5883484054145521  0.3922322702763681  0.19611613513818404  0.0  
0.0  0.0  0.0  0.0  0.0  
0.19611613513818404  0.3922322702763681  0.5883484054145521  0.7844645405527362  0.0  
0.3713906763541037  0.7427813527082074  1.1141720290623112  0.5570860145311556  0.0  
0.5144957554275265  1.028991510855053  0.6859943405700353  0.34299717028501764  0.0  
0.6246950475544243  0.4685212856658182  0.31234752377721214  0.15617376188860607  0.0  
0.0  0.0  0.0  0.0  0.0  
0.15617376188860607  0.31234752377721214  0.4685212856658182  0.6246950475544243  0.0  
0.34299717028501764  0.6859943405700353  1.028991510855053  0.5144957554275265  0.0  
0.5570860145311556  1.1141720290623112  0.7427813527082074  0.3713906763541037  0.0  
1.0  1.0  1.0  1.0  0.0  
0.19611613513818404  0.3922322702763681  0.5883484054145521  0.19611613513818404  0.0  
0.3713906763541037  0.7427813527082074  0.18569533817705186  0.5570860145311556  0.0  
0.5144957554275265  0.17149858514250882  0.6859943405700353  0.34299717028501764  0.0  
0.15617376188860607  0.4685212856658182  0.31234752377721214  0.15617376188860607  0.0  
0.6246950475544243  0.4685212856658182  0.31234752377721214  0.15617376188860607  0.0  
0.15617376188860607  0.31234752377721214  0.4685212856658182  0.6246950475544243  0.0  
0.15617376188860607  0.31234752377721214  0.4685212856658182  0.15617376188860607  0.0  
0.15617376188860607  0.31234752377721214  0.31234752377721214  0.15617376188860607  0.0  
0.2  1.0  1.2  1.4  0.0  
0.9701425001453319  1.697749375254331  2.42535625036333  1.212678125181665  0.0  
1.212678125181665  2.42535625036333  1.697749375254331  0.9701425001453319  0.0  
1.4142135623730951  1.4142135623730951  1.4142135623730951  0.7071067811865476  0.0  
0.34299717028501764  0.6859943405700353  0.17149858514250882  0.34299717028501764  0.0  
0.34299717028501764  0.17149858514250882  0.6859943405700353  0.34299717028501764  0.0  
0.5144957554275265  1.028991510855053  0.6859943405700353  0.34299717028501764  0.0  
0.6246950475544243  0.4685212856658182  0.31234752377721214  0.15617376188860607  0.0  
0.0  0.0  0.0  0.0  0.0  
0.0  0.0  0.0  0.0  0.0  
0.34299717028501764  0.6859943405700353  1.028991510855053  1.3719886811400706  0.0  
0.7844645405527362  1.5689290811054724  2.3533936216582085  1.1766968108291043  0.0  
1.1766968108291043  2.3533936216582085  1.5689290811054724  0.7844645405527362  0.0  
1.3719886811400706  1.028991510855053  0.6859943405700353  0.34299717028501764  0.0  
0.0  0.0  0.0  0.0  0.0  
0.0  0.0  0.0  0.0  0.0  
0.0  0.0  0.0  0.0  0.0  
0.0  0.0  0.0  0.0  0.0  
0.0  0.0  0.0  0.0  0.0  
0.34299717028501764  0.6859943405700353  1.028991510855053  1.3719886811400706  0.0  


 x  y  maxCount maxDist
1  15  1  0.0
2  14  0  0.0
3  13  0  0.0
4  12  0  0.0
4  11  1  1.3719886811400706
4  10  0  0.0
4  9  0  0.0
4  8  3  1.1141720290623112
4  7  1  0.0
4  6  1  0.0
5  7  0  0.0
6  7  0  0.0
7  8  0  0.0
8  9  4  2.1213203435596424
9  8  0  0.0
10  8  0  0.0
11  7  0  0.0
11  6  4  2.0
11  5  0  0.0
11  4  0  0.0
11  3  3  1.3416407864998738
12  3  0  0.0
13  3  0  0.0
14  3  0  0.0
15  3  4  1.6641005886756874
16  3  1  0.0
17  3  1  0.0
17  4  0  0.0
17  5  0  0.0
17  6  0  0.0
17  7  4  1.6641005886756874
17  8  1  0.0
17  9  1  0.0
18  10  0  0.0
19  10  0  0.0
20  10  0  0.0
21  10  3  1.4142135623730951
22  10  2  1.3416407864998738
23  10  1  0.0
24  9  0  0.0
24  8  0  0.0
24  7  0  0.0
25  7  4  1.4142135623730951
26  6  0  0.0
27  6  0  0.0
28  6  3  1.4142135623730951
29  6  0  0.0
30  7  2  1.0
31  8  0  0.0
32  9  0  0.0
33  10  3  1.1141720290623112
33  11  0  0.0
34  12  0  0.0
34  13  0  0.0
34  14  3  0.6859943405700353
34  15  0  0.0
34  16  3  0.7844645405527362
34  17  1  0.0
33  18  0  0.0
32  19  0  0.0
31  20  0  0.0
30  21  4  1.1141720290623112
29  22  1  0.0
28  22  0  0.0
27  22  0  0.0
26  22  0  0.0
25  21  4  1.1141720290623112
24  21  0  0.0
23  20  0  0.0
22  19  2  0.7427813527082074
21  18  0  0.0
20  17  3  0.6859943405700353
20  16  0  0.0
19  15  0  0.0
18  14  0  0.0
17  15  3  0.6246950475544243
16  16  0  0.0
16  17  0  0.0
16  18  4  2.42535625036333
15  19  0  0.0
14  20  1  0.6859943405700353
13  21  0  0.0
12  22  3  1.028991510855053
11  23  1  0.0
10  24  1  0.0
9  23  0  0.0
8  22  0  0.0
7  21  0  0.0
6  20  4  2.3533936216582085
5  19  1  0.0
4  18  1  0.0
3  17  1  0.0
2  16  1  0.0
